8786
9692
7379
2018
4217
4171
414
7611
2900
1183
8552
8464
9227
367
1252
5366
4123
8784
4519
7982
3381
2256
7826
2312
445
7964
4444
8194
9121
7705
6939
5002
8744
279
7634
9126
4079
6877
6884
9511
9246
2038
1869
4806
922
2873
919
8053
5234
6779
6370
8500
6106
3379
8718
1590
7922
7563
7673
3954
4758
7304
8139
9813
5910
2725
4840
8394
9420
9119
5473
6462
5444
326
2663
4560
5157
1878
8811
1484
8098
8596
7658
4600
4544
9842
9729
6609
3737
1747
1835
194
7926
7237
3352
5458
420
6029
9627
2629
7614
7130
5450
1155
5964
7560
8109
7882
7869
8824
5161
6485
1147
9540
5956
8201
6859
3987
8650
4878
3168
2603
4798
9738
9340
9043
9245
872
4068
9587
7519
1627
2884
9777
4503
8690
9181
9720
2819
2807
9835
8031
853
5356
4790
9122
7070
9026
6389
8902
3792
2597
4601
1104
147
448
1597
4033
7189
5267
9083
6812
7959
5961
9493
8964
7990
5358
1650
8273
1507
7081
8112
3391
2939
3275
7035
8362
4998
1600
2769
8512
1087
2827
6935
6702
8684
4345
8533
8278
5584
4607
1042
6016
2008
162
2163
4130
6331
6163
7657
3199
7723
1799
3843
2247
7252
8000
2442
3234
3487
5690
3282
6612
8113
7284
7249
7631
6924
8535
2209
4296
181
8624
415
6399
5880
8586
961
3118
1158
8455
1383
8645
178
702
5847
9463
3624
6047
7143
7720
4107
9733
9737
425
6468
3518
5685
744
4230
8304
1870
3049
3255
2004
9266
5013
1642
9405
5131
2911
121
8437
7787
2074
3992
824
7160
1057
6844
7810
7534
8246
9205
2183
4501
9194
9248
2640
4973
8024
6081
449
7997
7775
2441
7069
1110
5728
1445
2660
6918
774
9166
499
4330
143
9148
1494
9334
8862
3878
95
759
1388
2697
5495
7735
2101
4961
4114
3197
8816
108
9382
9397
3785
8037
8627
6065
8353
3819
7592
4688
3650
5405
2647
7545
8385
5819
4982
3536
2845
4619
2397
3825
6937
9663
528
7156
5638
9435
2691
4076
7281
7142
7659
9022
1481
5778
7825
7497
5908
4545
2767
8973
8494
9349
7362
4103
2275
2222
4371
1643
6850
3137
7275
5569
269
9358
4992
4411
4655
1230
1809
4887
5129
9921
5001
8578
5876
8393
2478
9760
5736
9138
7205
4635
5493
9517
8447
8453
9571
7861
394
1547
4898
1493
9903
3385
6512
1460
4093
4714
7984
9939
667
3842
2128
7871
821
6131
1697
2332
5628
9968
825
5966
5213
6039
8002
1933
1201
3066
3461
3732
9881
1211
6555
5478
5404
5373
1902
4929
2759
5718
3361
3196
9500
3180
655
4441
6200
1887
3322
6212
6162
5580
9879
7671
7287
8611
2062
9210
6724
9343
5646
6966
2100
2653
6691
9368
1932
2431
9857
396
8579
3389
5624
1371
3831
2424
1387
6817
8983
2186
9375
5471
3192
6223
3553
3479
6864
6055
6707
3576
2196
2733
9319
3841
2843
8188
8376
2466
1070
8847
530
1468
6224
